600523687
597621658
600527836
600527415
600497944
599124518
599358733
600498211
600542639
600541044
600522965
600523069
599511455
600526860
597410293
599097599
600533009
599449242
600524609
600523433
600527083
600497023
600528328
598784154
600526237
600527548
600533005
600524208
600542367
600541592
600532541
600530853
597042126
600534515
594693714
600414806
600535198
600526242
595772329
600524006
600537128
600527713
600538209
600542172
600532551
600535632
595339437
600527577
595534042
600532758
600499959
599300709
599550472
600540068
600531196
600535136
600516955
600541879
600525035
598113822
600540296
600468661
596942215
600528648
594653570
600539488
599151543
600529747
600504495
600542403
600523380
600540322
600528785
600530552
600537805
598132801
600481216
600536605
600527534
600529899
600529043
600537284
600535825
598808738
597795323
600541378
599136621
600535076
599698363
600540736
599766479
596301466
599243914
599507597
600528742
600526027
600527654
600190555
600520332
600537684
600533859
598697143
596188942
600483344
552428226
599655039
600528883
600532272
599935205
600521716
596783721
600521594
600540749
595113098
600522271
600531315
595942481
598566731
600541382
599718697
600540062
599013972
598182161
600541017
600523747
600522887
600524402
600531551
600526173
600532569
587244428
600532290
600522728
600520102
600530722
600530318
600536653
600529454
596570156
600542822
600528495
600523216
600434181
600522607
600520946
600542202
600542912
600529872
600528223
549399981
600521576
600528846
600536571
525245374
600520971
600531406
600521367
599670822
599021753
600536241
600525263
600541412
600533102
600529190
598526936
600493818
597901057
599390730
600528004
600524446
596741081
600528602
600497275
590313219
600530142
596915101
595725140
599983961
600528131
594944155
599108773
600530174
600523829
600530916
600372003
600540279
597473976
600535551
600524939
600515821
600525968
600497514
595241048
599628771
600528673
600527132
600543186
600526988
